mAP: 0.5155951130255872
AP_50: 0.7230884217032993
AP_75: 0.4866919974547338
AP_small: 0.24608891647281428
AP_m: 0.36468230746217767
AP_l: 0.9762151360866793
