mAP: 0.4849151596015865
AP_50: 0.6814034625006667
AP_75: 0.44325251533314425
AP_small: 0.20035659858656826
AP_m: 0.5087467542836225
AP_l: 0.955524313253884
